N <- 2000
D <- 2
K <- 30
X <- 
structure(c(-2.38902, -3.55874, -2.76165, -6.11488, 5.21905, -0.350135, -2.94709, 3.33305,
-3.8108, -5.22023, -1.1498, -5.15334, -0.824992, -1.70089, -2.97629, -3.79178, -2.187,
-3.72553, -3.42921, -5.03246, -4.90648, 4.48706, 6.79164, 3.98822, 5.10087, -1.7981,
-2.15061, -3.69752, -2.33062, 4.51444, 6.19527, 5.43072, -0.530845, 3.11387, -3.20551,
-4.55607, -4.25943, -4.84327, -3.94418, -1.55267, -5.71165, -3.66746, 0.568248, -2.93152,
-5.5757, -6.83957, -2.83794, 3.88794, -1.60447, -2.5659, -4.00063, -3.30635, -2.98475,
-1.03345, -2.44698, 3.99047, 5.79608, -3.03701, -4.69131, -0.617593, 2.35602, 9.22379,
2.66819, 3.38828, 6.16379, -4.78166, 1.09437, -3.09113, -4.97517, -3.19766, -4.57797,
6.41835, -2.96956, -3.58993, -3.92724, -2.46588, -0.209351, -3.96721, -4.42527, 5.50434,
5.65529, -4.76548, -2.86169, 3.22388, -1.95267, 5.24179, -4.35869, 7.20111, -3.98118,
-4.89927, -2.04068, 4.9025, -4.56987, 3.91736, -4.00482, 3.54726, -3.36952, -2.2746,
4.75751, 5.52498, -4.2594, 3.33145, -4.81046, -0.884792, -2.54154, 3.05508, 3.63666,
-0.382569, -3.1633, -4.11714, -3.23162, -3.39553, 5.50221, -3.53235, 3.43217, -0.109792,
6.49345, -4.4653, 4.96306, -2.11966, 6.08484, 5.92337, 3.09891, 6.52999, -4.75983, 3.95457,
-3.40664, -3.48851, 6.03937, -4.82085, -3.54867, -2.07298, 5.83433, 3.75121, -4.49886,
3.01807, -0.755171, 5.35548, 6.09091, 2.1659, 3.42902, 5.02184, 2.1751, 5.72267, -2.2601,
4.12501, -2.34605, 4.12946, -3.17107, -2.60411, 3.28767, -1.71285, 3.4824, 1.94516, 3.06491,
6.14795, -3.89302, -3.70711, -4.04272, 3.73261, 2.11972, -2.81492, -3.55704, 2.95579,
-3.51481, 1.64625, -4.30623, -4.18899, 5.02874, 2.66873, -4.06535, 4.93638, -4.56204,
3.66532, 7.1883, -2.07475, -1.88981, -1.88105, 7.14421, 4.01271, -3.32037, -3.58177,
-3.27744, -3.77877, 5.54247, -5.08341, -2.30047, -2.75118, -0.953323, -3.00373, -0.402598,
1.21424, -4.51492, 4.02889, -1.21698, 3.36625, 3.98021, 4.9466, 3.30588, -3.94502, -3.37814,
-2.57739, -1.51383, -2.49449, -3.34527, 5.75139, -5.98843, 5.92416, -3.47031, -4.06693,
-5.79154, 0.159639, -2.9919, -5.0433, 3.76416, -2.56622, -3.78982, -3.61933, -2.57015,
-0.8255, -0.256325, -2.86973, 3.1642, -2.3489, 0.0523934, -4.20584, -3.46877, -3.87933,
3.64212, 3.63801, 5.42614, 5.54158, -3.22526, -1.61735, 4.95436, -2.05136, -2.20598,
4.98432, 4.10585, 7.02353, 4.21753, -2.31535, 5.03414, 4.11741, -2.24432, -2.73238, 5.66198,
5.26569, -7.70574, -3.87502, 6.43931, -3.31376, -2.01519, -2.22802, 4.79829, -3.41837,
-2.99829, -2.06374, -2.0316, 3.7412, -3.15253, 4.22339, -4.07713, -4.9697, 3.44641,
-0.979156, 1.89151, -2.72516, -0.576819, -2.40735, 3.62559, -4.699, -2.31812, -5.12509,
3.29399, -4.47697, -5.19491, -2.73839, -3.67282, 5.35836, -6.15275, 2.80063, -2.41191,
-1.04701, -5.26297, -5.87822, -2.1767, 4.59141, -4.04651, -1.60909, 2.63988, -2.50219,
-2.68889, -3.7741, -2.4338, 3.12429, -0.805793, -3.95298, -2.69574, -1.86698, -4.14696,
-4.02246, -4.80217, 3.71097, 4.13102, 3.19619, -1.75544, 3.52747, 4.22976, -4.77992,
1.09435, -5.28187, 5.73424, 4.23097, 3.18868, -3.17925, 0.936985, -2.85472, -3.5352,
-2.87656, 3.54904, 4.86504, -3.42533, -2.45391, 2.34719, 4.9645, -0.314767, 3.47763,
3.03366, 5.43059, 4.83742, -3.69388, 0.21681, -4.06792, 4.40118, -2.07572, -4.41691,
-4.9839, -4.85899, 4.59331, -2.51667, 5.83202, 5.71159, -0.0428287, 1.95651, 3.1062,
-5.06502, 5.9306, -2.76262, -3.32493, 5.30934, -4.47998, 3.04257, 5.22882, -2.92491,
-0.325774, -1.77407, 4.74137, -2.40803, 0.710928, -2.35638, -1.75941, -2.96953, -2.81194,
-4.50314, -1.13339, -2.11298, -0.329525, -3.32897, -6.7219, -3.95924, -0.740115, 5.6376,
-5.27973, 2.37631, -2.80572, -3.05791, -4.23862, -0.579188, -2.7642, 7.87741, -0.273021,
-3.37669, -2.23021, -4.34755, -4.23847, -2.45513, -4.95704, -1.77745, -1.50409, 2.48493,
5.94203, 4.43664, 1.70103, -4.98855, -6.12012, -2.11664, 3.04391, 4.79483, 4.27494, 2.19012,
-2.38454, 3.54446, 3.32981, 1.20648, -4.77862, 3.54855, -4.32439, -2.1236, 3.78742,
-2.32722, 5.12252, 0.934259, 4.96519, -4.85617, -2.97394, -4.35543, 5.07463, 3.05018,
-3.83059, -1.0493, -2.28912, -2.54753, -4.63977, 3.50242, -5.52456, 6.42472, -0.581015,
-1.68203, 5.31418, 5.06798, -3.8156, 7.42722, -5.21373, 0.44462, -3.74722, -2.11596,
-3.20427, 3.68055, 4.62985, -0.0936297, -3.85096, 4.82024, -1.96036, 7.33458, 4.65457,
-2.39952, -3.89785, -2.48167, -4.56997, -2.21142, -1.79944, -3.14344, 4.48993, 6.44682,
-4.13809, 4.64194, -3.0578, 8.13134, 2.96154, -2.13898, -3.25977, 4.20295, 4.06914, 4.15409,
3.83272, 0.036635, -2.55816, 4.29596, -2.1768, 3.65921, 3.27375, -5.29103, -4.5839, 4.17454,
-4.42581, -3.85125, 3.39717, -2.49103, 3.83159, 3.48787, 0.299491, -2.95552, -1.76994,
-4.34155, -2.82473, -3.71997, -2.92502, 3.28993, -0.386758, -1.53956, 1.81006, 5.12911,
-1.7409, 3.10864, 5.71273, 4.11006, 5.60068, 1.49334, -3.7566, -2.10547, -1.94912, 5.62479,
1.63222, -3.09248, -3.88347, 6.04309, 3.46254, 3.46248, -2.49169, 5.33017, -1.70509,
2.58058, -1.93902, -5.13007, -0.794836, -3.35949, 7.53242, 5.53082, 4.11121, 4.46768,
5.01348, 4.58603, 3.75422, 2.06404, 6.10954, -0.781014, -4.26866, 5.73855, -3.30349,
-4.64673, -0.649599, 5.18497, -2.51095, -4.82004, -3.50406, -4.21849, 0.868498, -0.653968,
-4.84499, -2.25821, -3.71841, 4.92992, -2.68219, 4.38797, -3.69249, 3.21658, 6.22036,
3.65742, 6.77417, -0.512639, -2.2601, -3.5814, -4.24042, -1.52673, -3.41751, -3.4682,
-4.58746, -2.6344, -4.46045, -2.36521, -4.48078, -3.0198, -2.43356, -3.24909, -2.08094,
-2.69855, 1.24983, -4.53324, 6.11183, 3.86818, -2.04287, 2.28674, -2.79496, -2.93607,
-4.39627, 3.40316, -4.67127, 1.33161, -3.65323, -3.77595, -3.82485, -0.300342, 0.77647,
-5.06909, -3.84747, 2.58798, -2.19725, 4.80502, 4.52026, -0.0363022, -3.72695, 3.38603,
5.57908, -2.69973, 0.832267, -2.59299, -2.3069, -3.87556, -3.02715, 3.828, -2.084, -3.65438,
-4.22984, -2.36753, -4.32172, -0.0543972, 4.58275, 4.15848, 5.67444, 3.35699, -2.61795,
-0.275443, -3.52868, 2.54555, 4.10306, 7.47843, -2.1182, -1.09608, -3.87135, 4.55778,
3.48538, 3.38184, -2.78841, -3.47231, -3.54377, 3.82202, 3.20738, -0.740251, 3.10637,
4.42136, -2.60259, 0.565152, 3.35787, -1.03655, -3.49835, 3.49665, 4.3891, -3.16388,
-1.87111, -5.03587, -4.07852, 4.17307, -0.344301, -2.18558, -3.79284, 6.13847, 1.14561,
-2.01767, -3.59884, -3.95066, -2.51167, 5.18743, -5.76469, 7.61198, 4.44667, 2.43541,
3.49757, 5.3898, 6.94494, 4.68404, -2.60553, -3.86955, -2.02347, -4.90205, -3.13177,
4.18881, 0.182202, -1.77, -4.85442, 4.12302, -2.09667, 3.58854, 4.59189, -2.8609, 3.80544,
-2.49523, -2.45717, 4.70298, 3.61058, 6.59014, -2.7128, -2.87868, -2.85235, -3.1594,
-3.73905, -2.98243, 3.51613, -4.8659, -3.74137, 0.625493, 3.98411, -4.30619, -3.70934,
3.77959, -2.61838, -1.97061, -4.20283, -0.982989, 1.12813, -5.14986, 2.3822, 0.587875,
-2.4632, -3.68572, -2.31035, 4.18604, 5.79495, -2.38343, 3.57977, 5.03717, 7.20571, 4.68054,
3.34984, -2.42961, -4.78135, 4.97567, -2.11959, -4.06642, -2.61807, -2.82386, -4.72442,
3.26697, -2.24122, 4.61414, 3.55693, 6.79292, 3.13363, 3.84968, -4.78573, -2.57623,
-2.31292, 3.12986, 3.9335, 7.50508, -5.59741, 3.62474, 0.858008, -5.6864, -1.04802,
-3.20257, -2.4499, 3.61444, -4.06338, -4.27339, 4.74519, 3.56003, 0.719717, -3.39916,
-6.38052, 4.56069, -4.65463, -4.64387, -2.69385, -3.6086, -1.87934, -3.36718, 3.66607,
-3.67485, 4.539, 0.914922, -5.36138, -3.19962, 2.82625, -1.73897, -4.0007, -4.03669,
-3.48657, 4.62465, -2.98819, 1.51515, 3.04826, -2.64497, 4.43092, 3.47332, 4.10336,
-2.26439, -2.56987, 3.68916, -0.700377, -4.84032, -3.5132, 3.55806, -5.85861, -2.72101,
2.24589, 4.11892, 4.95753, 4.17426, 5.46763, -0.84012, -5.05942, 4.11258, 4.84007, 5.63569,
-3.1896, -0.125773, -3.86292, -2.69423, -3.2505, 3.20991, 5.25492, -3.43065, 7.34063,
1.67905, -5.33367, -1.89734, 7.50353, -1.92112, -5.48072, 5.20379, -6.06799, -3.42794,
-4.54747, -4.78302, -1.87711, -4.39773, 3.62169, 5.82829, -4.64755, 3.7386, 4.56313,
0.265118, 8.64613, -6.6424, 3.99137, -4.35018, -6.28653, -4.32646, 6.58568, 2.82701,
